160
2 1 4 352 21 1 351 23 3 
4 3 17 357 19 0 364 24 2 366 21 1 
2 1 11 372 26 1 
2 1 6 375 27 1 
2 1 6 376 30 1 
2 1 6 379 31 1 
2 1 6 380 34 1 
2 1 6 383 35 1 
2 1 6 384 38 1 
3 2 7 387 37 1 385 40 1 
3 2 5 382 39 4 
4 3 13 378 44 6 388 46 -2 
2 1 25 382 41 4 358 34 14 
3 2 6 383 44 2 380 47 0 379 44 3 
4 2 14 377 46 1 370 47 1 368 45 3 
3 2 10 364 49 -1 361 46 3 
3 2 6 359 50 0 358 47 3 
3 2 6 356 51 0 355 48 3 
3 2 31 341 63 1 344 78 1 
5 3 51 356 34 14 346 36 16 335 57 8 324 71 20 316 80 28 
8 1 118 299 83 31 283 86 36 266 89 42 249 93 47 233 96 53 217 96 50 200 100 52 
6 4 149 181 91 40 145 95 34 107 107 34 71 107 46 52 103 26 
5 1 95 193 124 31 175 147 12 153 169 7 138 192 9 
3 2 12 132 188 5 128 187 3 
2 1 5 127 185 1 
3 2 7 125 183 1 
3 2 8 127 183 1 131 180 0 132 185 3 
2 1 9 130 182 1 136 181 1 
2 1 4 
2 1 4 136 179 1 138 179 1 
2 1 4 
2 1 4 138 177 1 140 177 1 
2 1 4 
2 1 4 140 175 1 142 175 1 
3 2 6 125 185 1 125 189 1 
4 3 11 131 198 1 132 195 3 
3 2 9 130 202 0 133 201 3 
3 2 7 131 207 0 134 205 3 
3 2 6 133 210 0 135 208 3 
3 2 6 134 213 0 136 211 3 
4 3 8 133 215 -1 139 216 2 
3 2 4 139 214 4 
3 2 24 139 205 9 
3 2 9 140 211 6 144 212 2 147 210 1 
3 2 7 145 215 0 141 217 1 
8 5 128 235 97 52 239 105 43 234 123 35 254 147 -3 214 174 19 260 198 -1 248 217 15 262 220 5 
3 2 16 252 213 10 243 220 4 241 215 1 
3 2 6 242 218 3 241 221 3 238 217 1 
3 2 4 239 221 0 242 221 1 
3 2 31 334 92 17 340 108 5 
2 1 25 219 43 1 242 43 1 
2 1 7 220 47 3 
3 2 14 208 42 0 212 48 3 
3 1 12 210 45 1 204 45 1 206 49 3 
4 1 17 199 46 1 193 46 1 195 50 3 
3 1 13 186 47 1 188 51 3 
3 1 12 180 48 1 182 52 3 
3 1 8 177 50 1 179 53 3 
3 1 10 173 51 1 175 54 3 
3 1 10 169 52 1 171 55 3 
3 1 8 166 53 1 168 56 3 
3 2 7 161 52 1 163 55 1 
3 1 11 158 55 1 159 59 3 
3 1 10 153 57 1 155 60 3 
3 1 8 150 58 1 152 61 3 
3 1 10 146 59 1 148 62 3 
3 1 10 142 60 1 144 63 3 
3 2 14 132 58 0 136 64 3 
3 1 12 134 61 1 128 61 1 130 65 3 
3 1 12 122 62 1 124 66 3 
3 1 10 118 64 1 120 67 3 
3 1 11 113 65 1 115 68 3 
3 2 14 107 65 0 103 69 3 
3 2 37 86 67 1 68 68 2 
3 2 11 61 63 -1 65 70 3 
2 1 39 66 66 1 104 65 1 
3 2 7 63 67 1 58 66 1 60 69 1 
3 2 11 54 69 1 54 72 1 
2 1 5 52 73 1 
2 1 5 50 74 1 
2 1 5 48 75 1 
2 1 5 46 76 1 
2 1 5 44 77 1 
2 1 5 42 78 1 
3 2 7 37 78 1 39 80 1 
2 1 4 
2 1 4 37 80 1 37 82 1 
2 1 4 
2 1 4 35 82 1 35 84 1 
2 1 4 
2 1 4 33 84 1 33 86 1 
2 1 4 
2 1 4 31 86 1 32 89 2 
4 3 14 39 78 1 43 81 2 
2 1 5 57 74 4 
3 2 6 57 69 1 59 72 2 62 69 1 
2 1 4 105 67 1 108 68 1 
2 1 5 109 66 1 111 69 3 
2 1 4 127 64 1 
2 1 4 133 63 1 
2 1 6 141 62 1 
3 2 6 160 55 1 162 58 2 165 55 1 
2 1 4 185 50 1 
2 1 5 192 49 1 
2 1 9 203 48 1 
2 1 4 209 47 1 
2 1 6 217 46 1 
4 3 33 231 44 0 241 47 2 250 44 1 
3 1 16 243 45 1 250 47 1 256 45 1 
3 2 8 256 47 0 255 49 3 
3 2 12 260 45 1 266 46 1 
3 1 21 266 48 1 275 47 1 
3 1 21 276 49 1 285 48 1 
3 1 18 284 51 1 291 49 1 
3 2 8 286 50 1 291 51 0 290 53 3 
3 2 15 296 49 1 304 50 1 
3 1 26 304 52 1 315 53 1 
3 2 16 314 49 0 318 54 3 
3 2 8 316 51 1 320 48 0 321 53 3 
2 1 6 319 50 1 323 50 1 
2 1 4 
2 1 9 319 108 1 326 108 1 
3 2 11 313 113 0 310 110 3 
4 2 62 296 121 1 265 138 1 251 154 2 
3 2 9 251 160 0 247 159 3 
3 2 11 248 167 -1 245 167 3 
2 1 4 246 171 1 
3 2 9 148 132 3 148 136 -1 144 133 3 
3 2 11 139 136 -1 136 134 3 
3 2 7 134 138 0 132 135 3 
3 2 7 130 139 0 128 136 3 
3 2 6 126 140 0 125 137 3 
3 2 6 123 141 0 122 138 3 
3 2 8 119 142 0 117 139 3 
3 2 6 115 143 0 114 140 3 
3 2 8 111 144 0 109 141 3 
5 4 20 105 145 -1 102 139 4 94 146 -2 92 142 3 
3 2 9 88 146 0 86 143 3 
3 2 9 82 147 0 80 144 3 
3 2 8 77 148 0 75 145 3 
4 3 9 75 147 1 68 148 0 70 145 3 
3 2 12 155 133 1 160 133 1 
3 1 8 221 147 1 217 150 1 215 148 3 
3 2 7 213 152 0 211 149 3 
3 2 8 208 153 0 206 150 3 
3 2 7 204 154 0 202 151 3 
3 2 6 200 155 0 199 152 3 
3 2 10 195 156 -1 192 153 3 
3 2 11 187 156 -1 184 154 3 
7 5 53 179 161 0 172 157 4 155 182 -4 149 181 5 149 197 -1 146 197 3 
3 2 10 148 204 -1 145 204 3 
3 2 5 147 207 0 145 209 1 
4 3 17 223 148 1 231 152 2 226 162 -1 230 161 3 
3 2 12 228 169 -1 231 170 3 
3 2 6 230 175 0 232 173 3 
3 2 6 231 178 0 233 176 3 
3 2 6 232 181 0 234 179 3 
3 2 6 233 184 0 235 182 3 
5 4 21 233 190 -1 240 189 4 240 202 -2 244 200 3 
3 2 6 242 203 0 244 206 1 
