1 198 11
1 198 12
1 198 13
1 198 14
1 198 15
1 198 16
1 198 17
1 198 18
1 198 19
1 198 20
1 198 21
1 198 22
1 197 23
1 197 24
1 196 25
1 196 26
1 195 27
1 195 28
1 195 29
1 194 30
1 194 31
1 193 32
1 193 33
1 192 34
1 192 35
1 192 36
1 191 37
1 191 38
1 190 39
1 190 40
1 189 41
1 189 42
1 188 43
1 188 44
1 187 45
1 187 46
2 186 47
2 185 47
2 184 48
2 183 48
2 182 49
2 181 49
2 180 50
2 179 51
2 178 52
2 177 53
2 176 54
2 175 55
2 174 56
2 173 57
2 173 58
2 172 59
2 171 60
2 171 61
2 170 62
2 170 63
2 169 64
2 169 65
2 168 66
2 168 67
2 168 68
2 167 69
2 167 70
2 167 71
2 167 72
2 166 73
2 166 74
2 166 75
2 166 76
2 166 77
2 166 78
2 165 79
2 165 80
2 165 81
2 165 82
2 165 83
2 165 84
2 165 85
2 165 86
2 164 87
2 164 88
2 164 89
2 164 90
2 164 91
2 164 92
2 164 93
2 163 94
2 163 95
2 163 96
2 162 97
2 162 98
2 162 99
2 162 100
2 161 101
2 161 102
2 161 103
2 160 104
2 160 105
2 160 106
2 159 107
2 159 108
2 159 109
2 158 110
2 158 111
2 158 112
2 157 113
2 157 114
2 156 115
2 156 116
2 156 117
2 155 118
2 155 119
2 155 120
2 154 121
2 154 122
2 154 123
3 153 124
3 152 124
3 151 124
3 150 125
3 149 125
3 148 126
3 147 126
3 146 126
3 145 127
3 144 127
3 143 128
3 142 128
3 141 129
3 140 129
3 139 129
3 138 130
3 137 130
3 136 131
3 135 131
3 134 132
3 133 132
3 132 132
3 131 133
3 130 133
3 129 134
3 128 134
3 127 134
3 126 134
3 125 134
3 124 135
3 123 135
3 122 135
3 121 136
3 120 136
3 119 136
3 118 136
3 117 137
3 116 137
3 115 137
3 114 137
3 113 138
3 112 138
3 111 138
3 110 138
3 109 139
3 108 139
3 107 139
3 106 139
3 105 140
4 104 139
4 103 139
4 102 139
4 101 139
4 100 139
4 99 139
4 98 138
4 97 138
4 96 138
4 95 138
4 94 138
4 93 138
4 92 138
4 91 138
4 90 137
4 89 137
4 88 137
4 87 137
4 86 137
4 85 137
4 84 137
4 83 137
4 82 137
4 81 138
4 80 138
4 79 138
4 78 138
4 77 138
4 76 139
4 75 139
4 74 139
4 73 139
4 72 139
4 71 140
5 70 140
5 69 139
5 68 139
5 67 139
5 66 138
5 65 138
5 64 138
5 63 137
5 62 137
5 61 137
5 60 137
5 59 136
5 58 137
5 57 137
5 56 138
5 55 139
5 54 140
5 53 140
5 52 141
5 51 142
5 50 143
5 49 144
5 48 144
5 47 145
5 46 146
5 45 147
5 44 148
5 43 149
5 42 150
5 41 150
5 40 151
5 39 152
5 38 153
5 37 154
5 36 155
5 35 156
5 34 157
5 33 158
5 33 159
5 32 160
5 31 161
5 30 162
5 29 163
5 29 164
5 29 165
5 28 166
5 28 167
5 27 168
5 27 169
5 26 170
5 26 171
5 26 172
5 25 173
5 25 174
5 25 175
5 25 176
5 24 177
5 24 178
5 24 179
5 24 180
5 24 181
5 23 182
5 23 183
5 23 184
5 23 185
5 23 186
5 23 187
5 22 188
5 22 189
5 22 190
5 22 191
5 21 192
5 21 193
5 20 194
5 20 195
5 20 196
5 19 197
5 19 198
5 18 199
5 17 200
5 17 201
5 16 202
5 15 203
5 15 204
5 14 205
5 13 206
5 13 207
5 12 208
5 11 209
5 11 210
5 10 211
5 9 210
5 8 210
5 7 210
5 6 210
6 70 141
6 70 142
6 70 143
6 70 144
6 69 145
6 69 146
6 69 147
6 69 148
6 68 149
6 68 150
6 68 151
6 68 152
6 68 153
6 67 154
6 67 155
6 67 156
6 67 157
6 66 158
6 66 159
6 66 160
6 66 161
6 66 162
6 65 163
6 65 164
6 65 165
6 65 166
6 64 167
6 64 168
6 64 169
6 64 170
6 63 171
6 63 172
6 63 173
6 63 174
6 62 175
6 62 176
6 62 177
6 62 178
6 61 179
6 61 180
6 61 181
6 60 182
6 60 183
6 60 184
6 59 185
6 59 186
6 59 187
6 58 188
6 58 189
6 57 190
6 56 191
6 56 192
6 55 193
6 55 194
6 55 195
6 54 196
6 53 197
6 53 198
6 52 199
6 51 200
6 51 201
6 50 202
6 49 203
6 49 204
6 49 205
6 48 206
6 48 207
6 47 208
6 47 209
6 47 210
6 47 211
6 47 212
6 47 213
6 47 214
6 47 215
6 47 216
6 47 217
6 47 218
6 47 219
6 47 220
6 47 221
6 47 222
6 47 223
6 47 224
6 47 225
6 47 226
6 47 227
6 47 228
6 47 229
6 47 230
6 47 231
6 47 232
6 47 233
6 47 234
6 47 235
6 47 236
6 47 237
6 47 238
6 48 239
6 48 240
6 48 241
6 47 242
6 47 243
6 47 244
6 47 245
6 47 246
6 47 247
6 47 248
6 48 249
6 48 250
6 48 251
6 48 252
6 48 253
6 48 254
6 49 255
6 49 256
6 49 257
6 49 258
6 49 259
6 49 260
6 50 261
6 50 262
6 51 263
6 51 264
6 51 265
6 52 266
6 52 267
7 105 141
7 105 142
7 105 143
7 105 144
7 105 145
7 105 146
7 105 147
7 105 148
7 105 149
7 105 150
7 105 151
7 105 152
7 105 153
7 105 154
7 105 155
7 105 156
7 105 157
7 105 158
7 105 159
7 105 160
7 105 161
7 105 162
7 105 163
7 105 164
7 105 165
7 105 166
7 105 167
7 105 168
7 105 169
7 105 170
7 105 171
7 105 172
7 105 173
7 105 174
7 105 175
7 104 176
7 104 177
7 104 178
7 104 179
7 104 180
7 104 181
7 103 182
7 103 183
7 103 184
7 103 185
7 103 186
7 103 187
7 102 188
7 102 189
7 102 190
7 102 191
7 102 192
7 102 193
7 102 194
7 101 195
7 101 196
7 101 197
7 102 198
7 103 199
7 104 200
7 105 201
7 106 202
7 107 203
7 108 204
7 109 205
7 110 205
7 111 206
7 112 207
7 113 207
7 114 208
7 115 209
7 116 209
7 117 210
7 118 211
7 119 211
7 120 212
7 121 213
7 122 214
7 123 215
7 124 216
7 125 217
7 126 218
7 127 219
7 128 220
7 129 221
7 130 222
7 130 223
8 155 124
8 156 125
8 157 126
8 158 127
8 159 128
8 160 129
9 161 128
9 162 128
9 163 128
9 164 129
9 165 129
9 166 129
9 167 129
9 168 129
9 169 130
9 170 130
9 171 130
9 172 130
9 173 130
9 174 131
9 175 131
9 176 131
9 177 131
9 178 131
9 179 131
9 180 132
9 181 132
9 182 132
9 183 132
9 184 132
9 185 132
9 186 133
9 187 133
9 188 133
9 189 133
9 190 133
9 191 133
9 192 133
9 193 133
9 194 134
9 195 134
9 196 134
9 197 134
9 198 134
9 199 134
9 200 134
9 201 135
9 202 135
9 203 135
9 204 135
9 205 136
9 206 136
9 207 137
9 208 138
9 209 139
9 210 140
9 211 141
9 212 142
9 213 143
9 213 144
9 214 145
9 214 146
9 214 147
9 215 148
9 215 149
9 215 150
9 216 151
9 216 152
9 216 153
9 216 154
9 216 155
9 216 156
9 216 157
9 216 158
9 216 159
9 216 160
9 215 161
9 215 162
9 215 163
9 215 164
9 215 165
9 215 166
9 214 167
9 214 168
9 213 169
9 213 170
9 213 171
9 213 172
9 212 173
9 212 174
9 212 175
9 212 176
9 212 177
9 212 178
9 212 179
10 160 130
10 160 131
10 161 132
10 161 133
10 162 134
10 162 135
10 163 136
10 163 137
10 163 138
10 164 139
10 164 140
10 165 141
10 165 142
10 165 143
10 166 144
10 166 145
10 166 146
10 167 147
10 167 148
10 167 149
10 168 150
10 168 151
10 168 152
10 168 153
10 169 154
10 169 155
10 169 156
10 169 157
10 170 158
10 170 159
10 170 160
10 170 161
10 170 162
10 170 163
10 170 164
10 170 165
10 170 166
10 170 167
10 170 168
10 170 169
10 170 170
10 169 171
10 169 172
10 169 173
10 169 174
10 169 175
10 168 176
10 168 177
10 168 178
10 167 179
10 167 180
10 167 181
10 166 182
10 166 183
10 166 184
10 165 185
10 165 186
10 165 187
10 165 188
10 165 189
10 164 190
10 164 191
10 164 192
10 164 193
10 163 194
10 163 195
10 162 196
10 162 197
10 162 198
10 162 199
10 162 200
10 161 201
10 161 202
10 160 203
10 160 204
10 160 205
10 159 206
10 159 207
10 159 208
10 159 209
10 159 210
10 158 211
10 158 212
10 158 213
10 157 214
10 157 215
10 157 216
10 157 217
10 157 218
10 157 219
10 157 220
10 156 221
10 156 222
10 156 223
10 156 224
10 156 225
10 156 226
10 155 227
10 155 228
10 155 229
10 155 230
10 155 231
10 155 232
10 155 233
10 156 234
10 156 235
10 156 236
10 157 237
10 157 238
10 157 239
10 158 240
10 159 241
10 160 242
10 161 243
10 162 243
10 163 244
10 164 244
11 188 47
11 189 47
11 190 47
11 191 48
11 192 48
11 193 48
11 194 49
11 195 49
11 196 50
11 197 50
11 198 50
11 199 51
11 200 51
11 201 52
11 202 52
11 203 53
11 204 53
11 205 54
11 206 55
11 207 55
11 208 56
11 209 57
11 210 58
11 211 58
11 212 59
11 213 60
11 214 61
11 215 62
11 216 63
11 217 64
11 217 65
11 218 66
11 219 67
11 220 68
11 221 69
11 222 69
11 223 69
