1 153 33
1 152.515 32.858
1 152.03 32.7551
1 151.545 32.6915
1 151.061 32.667
1 150.576 32.6817
1 150.091 32.7355
1 149.606 32.8286
1 149.121 32.9608
1 148.636 33.1322
1 148.152 33.3428
1 147.667 33.5926
1 147.182 33.8815
1 146.697 34.2033
1 146.212 34.5339
1 145.727 34.871
1 145.242 35.2146
1 144.758 35.5648
1 144.273 35.9215
1 143.788 36.2847
1 143.303 36.6545
1 142.818 37.0308
1 142.333 37.4136
1 141.848 37.8029
1 141.364 38.1988
1 140.879 38.601
1 140.394 39.0051
1 139.909 39.4091
1 139.424 39.8131
1 138.939 40.2172
1 138.455 40.6212
1 137.97 41.0252
1 137.485 41.4293
1 137 41.8333
1 136.515 42.2374
1 136.03 42.6414
1 135.545 43.0455
1 135.061 43.4495
1 134.573 43.8535
1 134.079 44.2576
1 133.579 44.6616
1 133.072 45.0657
1 132.559 45.4697
1 132.039 45.8737
1 131.512 46.2778
1 130.979 46.6818
1 130.44 47.0859
1 129.894 47.4899
1 129.341 47.8939
1 128.782 48.298
1 128.22 48.7037
1 127.681 49.1208
1 127.167 49.5509
1 126.68 49.9941
1 126.219 50.4504
1 125.784 50.9198
1 125.375 51.4021
1 124.992 51.8976
1 124.635 52.4061
1 124.305 52.9277
1 124 53.4624
1 123.722 54.0101
1 123.469 54.5699
1 123.211 55.0744
1 122.926 55.4809
1 122.615 55.7894
1 122.278 56
1 121.915 56.1126
1 121.525 56.1273
1 121.11 56.0441
1 120.668 55.8629
1 120.2 55.5837
1 119.707 55.2066
1 119.187 54.7316
1 118.641 54.1586
1 118.083 53.5188
1 117.55 52.8887
1 117.043 52.2716
1 116.562 51.6676
1 116.108 51.0766
1 115.679 50.4987
1 115.277 49.9339
1 114.901 49.3821
1 114.55 48.8434
1 114.226 48.3177
1 113.928 47.8051
1 113.657 47.3056
1 113.41 46.8182
1 113.173 46.3333
1 112.943 45.8485
1 112.719 45.3636
1 112.502 44.8788
1 112.291 44.3939
1 112.087 43.9091
1 111.89 43.4242
1 111.699 42.9394
1 111.514 42.4545
1 111.336 41.9697
1 111.165 41.4849
1 111 41
2 122 56
2 122 56.5256
2 122 57.0486
2 122 57.5693
2 122 58.0877
2 122.001 58.6039
2 122.001 59.1179
2 122.001 59.6299
2 122.002 60.1399
2 122.003 60.6481
2 122.004 61.1544
2 122.006 61.6591
2 122.007 62.1622
2 122.009 62.6638
2 122.011 63.1639
2 122.014 63.6627
2 122.017 64.1602
2 122.021 64.6566
2 122.024 65.1519
2 122.029 65.6462
2 122.033 66.1396
2 122.039 66.6322
2 122.044 67.1241
2 122.051 67.6153
2 122.058 68.1059
2 122.065 68.5962
2 122.073 69.086
2 122.082 69.5755
2 122.092 70.0649
2 122.102 70.5541
2 122.113 71.0433
2 122.125 71.5326
2 122.137 72.022
2 122.15 72.5117
2 122.164 73.0016
2 122.179 73.492
2 122.195 73.9828
2 122.211 74.474
2 122.229 74.9656
2 122.246 75.4576
2 122.265 75.95
2 122.284 76.4427
2 122.304 76.9357
2 122.324 77.4291
2 122.344 77.9228
2 122.365 78.4168
2 122.386 78.9111
2 122.407 79.4056
2 122.429 79.9005
2 122.451 80.3956
2 122.473 80.8909
2 122.495 81.3865
2 122.516 81.8823
2 122.538 82.3783
2 122.56 82.8745
2 122.582 83.3708
2 122.603 83.8673
2 122.625 84.364
2 122.646 84.8608
2 122.666 85.3578
2 122.686 85.8549
2 122.706 86.352
2 122.726 86.8493
2 122.744 87.3467
2 122.763 87.8441
2 122.78 88.3416
2 122.797 88.8391
2 122.813 89.3366
2 122.828 89.8341
2 122.843 90.3317
2 122.857 90.8293
2 122.87 91.3268
2 122.882 91.8244
2 122.894 92.322
2 122.905 92.8195
2 122.916 93.3171
2 122.926 93.8146
2 122.936 94.3122
2 122.946 94.8098
2 122.956 95.3073
2 122.966 95.8049
2 122.975 96.3024
2 122.985 96.8
2 122.995 97.2976
2 123.006 97.7951
2 123.016 98.2927
2 123.027 98.7902
2 123.039 99.2878
2 123.051 99.7854
2 123.063 100.283
2 123.077 100.78
2 123.091 101.278
2 123.106 101.776
2 123.122 102.273
2 123.139 102.771
2 123.157 103.268
2 123.176 103.766
2 123.196 104.263
2 123.218 104.761
2 123.241 105.259
2 123.265 105.756
2 123.291 106.254
2 123.319 106.751
2 123.348 107.249
2 123.379 107.746
2 123.412 108.244
2 123.446 108.741
2 123.481 109.239
2 123.517 109.737
2 123.555 110.234
2 123.594 110.732
2 123.634 111.229
2 123.674 111.727
2 123.716 112.224
2 123.758 112.722
2 123.8 113.22
2 123.843 113.717
2 123.887 114.215
2 123.931 114.712
2 123.974 115.21
2 124.018 115.707
2 124.062 116.205
2 124.106 116.702
2 124.149 117.2
2 124.192 117.698
2 124.235 118.195
2 124.277 118.693
2 124.319 119.19
2 124.36 119.688
2 124.399 120.185
2 124.438 120.683
2 124.476 121.18
2 124.513 121.678
2 124.549 122.176
2 124.583 122.673
2 124.616 123.171
2 124.647 123.668
2 124.676 124.166
2 124.704 124.663
2 124.731 125.161
2 124.756 125.659
2 124.779 126.156
2 124.802 126.654
2 124.823 127.152
2 124.843 127.65
2 124.863 128.149
2 124.882 128.647
2 124.901 129.146
2 124.919 129.645
2 124.937 130.144
2 124.954 130.644
2 124.972 131.144
2 124.989 131.644
2 125.007 132.145
2 125.025 132.646
2 125.044 133.148
2 125.063 133.65
2 125.083 134.152
2 125.104 134.655
2 125.126 135.159
2 125.149 135.663
2 125.173 136.168
2 125.198 136.673
2 125.225 137.179
2 125.253 137.685
2 125.283 138.193
2 125.315 138.701
2 125.349 139.209
2 125.385 139.719
2 125.424 140.229
2 125.464 140.74
2 125.507 141.252
2 125.553 141.764
2 125.603 142.275
2 125.656 142.783
2 125.715 143.286
2 125.78 143.782
2 125.852 144.27
2 125.931 144.747
2 126.019 145.212
2 126.117 145.663
2 126.224 146.098
2 126.342 146.515
2 126.473 146.912
2 126.616 147.289
2 126.772 147.641
2 126.943 147.969
2 127.128 148.27
2 127.33 148.542
2 127.548 148.784
2 127.784 148.993
2 128.039 149.168
2 128.313 149.307
2 128.607 149.408
2 128.921 149.47
2 129.258 149.489
2 129.617 149.466
2 129.999 149.397
2 130.406 149.281
2 130.837 149.117
2 131.295 148.901
2 131.779 148.633
2 132.291 148.311
2 132.831 147.933
2 133.401 147.496
2 134 147
3 126 148
3 125.49 148.357
3 124.98 148.623
3 124.471 148.814
3 123.964 148.944
3 123.458 149.027
3 122.954 149.072
3 122.452 149.091
3 121.952 149.091
3 121.454 149.081
3 120.959 149.067
3 120.466 149.053
3 119.976 149.044
3 119.488 149.043
3 119.002 149.053
3 118.518 149.075
3 118.037 149.109
3 117.557 149.157
3 117.079 149.217
3 116.603 149.288
3 116.128 149.37
3 115.654 149.461
3 115.18 149.557
3 114.708 149.658
3 114.236 149.761
3 113.764 149.863
3 113.292 149.962
3 112.819 150.055
3 112.346 150.139
3 111.872 150.213
3 111.397 150.275
3 110.921 150.324
3 110.443 150.357
3 109.963 150.375
3 109.482 150.377
3 108.998 150.364
3 108.512 150.337
3 108.024 150.298
3 107.534 150.25
3 107.041 150.197
3 106.546 150.144
3 106.048 150.095
3 105.548 150.059
3 105.046 150.043
3 104.542 150.057
3 104.036 150.112
3 103.529 150.219
3 103.02 150.392
3 102.51 150.647
3 102 151
4 132 149
4 132.222 149.444
4 132.444 149.889
4 132.667 150.333
4 132.889 150.778
4 133.111 151.222
4 133.333 151.667
4 133.556 152.111
4 133.778 152.556
4 134 153
